
<?xml version="1.0" standalone="no"?>
<!DOCTYPE svg PUBLIC "-//W3C//DTD SVG 20010904//EN"
 "http://www.w3.org/TR/2001/REC-SVG-20010904/DTD/svg10.dtd">
<svg version="1.0" xmlns="http://www.w3.org/2000/svg"
 width="600.000000pt" height="600.000000pt" viewBox="0 0 600.000000 600.000000"
 preserveAspectRatio="xMidYMid meet">

<g transform="translate(0.000000,600.000000) scale(0.100000,-0.100000)"
fill="#000000" stroke="none">
<path d="M2825 5814 c-55 -5 -146 -25 -170 -38 -11 -6 -22 -11 -25 -11 -17 -3
-56 -19 -68 -29 -71 -53 -162 -178 -162 -221 0 -8 -5 -25 -12 -38 -6 -12 -14
-29 -18 -37 -4 -8 -20 -18 -36 -21 -16 -4 -64 -21 -106 -37 -42 -16 -80 -27
-83 -24 -3 3 -5 0 -5 -6 0 -7 -7 -12 -15 -12 -19 0 -119 -49 -123 -61 -2 -5
-22 -18 -45 -29 -43 -20 -126 -77 -163 -111 -11 -10 -24 -19 -29 -19 -12 0
-245 -238 -245 -250 0 -10 -15 -29 -67 -88 -18 -20 -33 -40 -33 -44 0 -4 -15
-25 -34 -45 -18 -21 -41 -53 -50 -71 -9 -18 -24 -36 -32 -39 -9 -3 -13 -12 -9
-21 3 -9 3 -13 -2 -9 -8 9 -83 -139 -83 -165 0 -10 -5 -18 -11 -18 -5 0 -7 -5
-3 -11 3 -6 2 -21 -4 -32 -27 -54 -49 -192 -29 -180 6 4 8 -8 4 -30 -3 -21 -2
-37 2 -37 4 0 8 -30 7 -66 0 -40 5 -68 12 -73 6 -4 13 -24 14 -44 2 -20 4 -37
5 -37 1 0 11 19 21 43 17 39 32 106 37 167 6 85 59 183 143 265 29 27 52 55
52 63 0 7 4 11 9 7 9 -5 20 16 21 40 1 6 9 19 19 30 10 11 21 32 25 47 3 14
14 29 24 31 16 4 16 5 0 6 -18 1 -26 21 -9 21 10 0 25 56 23 84 -2 12 3 16 12
13 8 -3 13 1 12 11 -2 26 39 26 91 1 53 -26 99 -31 126 -15 13 8 20 8 27 -4 9
-13 11 -13 20 0 14 21 13 24 -12 35 -29 13 -32 45 -8 99 15 36 24 46 43 46 25
0 142 -55 152 -71 9 -14 51 -11 65 6 7 8 19 15 26 15 8 0 14 7 14 15 0 9 8 24
18 33 30 31 63 39 120 29 43 -7 62 -17 93 -48 21 -21 48 -39 59 -39 11 0 20
-7 20 -15 0 -24 47 10 54 40 9 36 46 94 67 105 31 17 137 -12 182 -49 14 -12
17 -12 17 0 0 12 2 12 10 -1 8 -12 14 -12 45 3 20 10 40 15 44 13 3 -3 22 9
40 25 19 16 51 34 72 41 33 9 42 9 58 -6 10 -9 21 -29 25 -44 11 -52 19 -57
68 -42 24 8 57 24 73 36 51 36 122 65 164 67 38 1 46 -3 89 -50 72 -77 73 -77
157 -21 41 26 79 48 85 48 6 0 18 7 26 15 12 12 19 12 34 3 10 -7 17 -15 14
-19 -2 -4 3 -9 11 -13 17 -6 45 -69 45 -100 0 -11 9 -34 20 -51 24 -35 25 -45
6 -45 -22 0 -38 -24 -24 -38 17 -17 28 -15 28 4 0 9 5 14 11 12 18 -6 48 -92
55 -156 4 -31 11 -65 16 -76 7 -14 7 -16 -2 -11 -9 6 -9 3 -1 -13 17 -32 4
-53 -25 -42 -17 7 -26 6 -31 -4 -4 -7 -25 -16 -47 -19 -21 -3 -47 -14 -57 -23
-10 -9 -22 -13 -27 -10 -6 3 -12 -1 -16 -9 -3 -8 -12 -12 -20 -9 -9 3 -27 -4
-42 -15 -15 -12 -34 -21 -43 -21 -9 0 -28 -11 -43 -25 -15 -14 -31 -25 -36
-25 -6 0 -12 -7 -16 -15 -3 -8 -14 -15 -24 -15 -10 0 -31 -13 -47 -30 -16 -16
-39 -30 -51 -30 -19 0 -22 -6 -26 -46 -4 -51 16 -82 34 -51 5 10 13 15 19 12
11 -7 79 57 79 74 0 7 10 10 25 7 14 -3 25 -1 25 4 0 5 24 20 54 35 29 14 64
36 77 48 13 12 26 22 29 22 21 2 80 28 80 36 0 5 8 9 18 9 9 0 34 9 55 20 64
35 93 21 88 -42 -2 -16 2 -28 7 -28 6 0 13 -13 17 -30 4 -16 11 -33 16 -36 6
-3 14 -17 19 -30 6 -14 17 -27 26 -31 21 -8 84 25 84 44 0 7 7 13 16 13 8 0
12 5 9 10 -3 6 -2 10 3 10 14 0 35 -76 29 -106 -5 -27 9 -73 27 -85 5 -4 10
-29 11 -56 1 -27 4 -54 8 -59 3 -6 4 -34 2 -62 -2 -33 0 -52 7 -52 6 0 9 -3 5
-6 -3 -3 1 -23 8 -45 16 -43 15 -41 15 -69 0 -10 12 -31 26 -45 24 -24 28 -25
47 -12 14 9 26 35 35 73 8 32 21 81 29 107 7 27 16 72 19 100 3 29 7 65 10 81
5 30 6 267 2 345 -2 27 2 46 9 48 29 10 141 -222 141 -295 1 -18 6 -39 12 -47
6 -7 10 -17 9 -21 -3 -13 10 -65 27 -102 18 -43 37 -37 42 14 2 21 8 46 13 55
10 19 22 155 23 249 0 62 -20 130 -43 145 -5 3 -7 14 -4 25 3 11 1 20 -5 20
-5 0 -12 14 -16 31 -3 17 -19 43 -35 60 -16 16 -35 42 -43 59 -7 17 -20 30
-31 30 -10 0 -15 5 -12 10 3 6 -1 10 -9 10 -9 0 -16 8 -16 18 0 9 -18 33 -41
52 -62 54 -109 100 -109 109 0 4 -12 18 -26 32 -14 13 -44 49 -65 79 -38 55
-179 199 -211 216 -9 5 -34 26 -56 46 -22 20 -61 47 -86 59 -25 11 -46 25 -46
30 0 4 -16 11 -35 15 -19 3 -35 10 -35 15 0 5 -3 8 -7 7 -5 -1 -39 13 -77 31
-39 17 -79 33 -90 34 -12 1 -27 7 -34 14 -7 6 -34 15 -60 19 -26 3 -52 10 -58
15 -6 5 -23 10 -37 11 -23 2 -26 8 -32 53 -4 27 -11 68 -17 90 -13 50 -75 140
-108 157 -14 7 -42 23 -63 36 -21 12 -42 20 -47 17 -6 -4 -10 -2 -10 3 0 5
-17 12 -37 16 -21 3 -49 8 -63 10 -14 2 -50 7 -80 10 -30 4 -68 8 -85 10 -16
2 -48 2 -70 0z m1620 -1404 c3 -5 1 -10 -4 -10 -6 0 -11 5 -11 10 0 6 2 10 4
10 3 0 8 -4 11 -10z"/>
<path d="M1920 4670 c0 -5 4 -10 9 -10 6 0 13 5 16 10 3 6 -1 10 -9 10 -9 0
-16 -4 -16 -10z"/>
<path d="M2020 4665 c0 -11 5 -27 10 -35 8 -12 10 -12 10 5 0 11 -5 27 -10 35
-8 12 -10 12 -10 -5z"/>
<path d="M2121 4624 c0 -11 3 -14 6 -6 3 7 2 16 -1 19 -3 4 -6 -2 -5 -13z"/>
<path d="M2510 4591 c0 -12 5 -21 10 -21 6 0 10 6 10 14 0 8 -4 18 -10 21 -5
3 -10 -3 -10 -14z"/>
<path d="M3145 4561 c-6 -11 9 -23 19 -14 9 9 7 23 -3 23 -6 0 -12 -4 -16 -9z"/>
<path d="M2836 4508 c3 -4 9 -8 15 -8 5 0 9 4 9 8 0 5 -7 9 -15 9 -8 0 -12 -4
-9 -9z"/>
<path d="M1962 4347 c-16 -19 -2 -68 22 -76 23 -9 76 5 88 23 5 7 8 4 8 -6 0
-12 8 -18 25 -18 14 0 25 -5 25 -11 0 -6 6 -9 14 -6 8 3 17 0 20 -8 3 -9 16
-12 35 -10 17 2 31 0 31 -5 0 -6 9 -10 20 -10 11 0 20 -5 20 -11 0 -5 5 -7 10
-4 6 3 13 -1 16 -9 3 -9 14 -16 24 -16 10 0 23 -7 30 -15 7 -8 16 -12 21 -9
10 6 39 -19 39 -35 0 -5 11 -8 25 -5 14 2 25 0 25 -6 0 -6 4 -9 9 -6 9 6 26
-22 23 -36 -1 -5 2 -8 7 -8 5 0 17 -3 26 -7 15 -5 16 -1 11 23 -4 16 -8 39
-11 52 -6 32 -14 42 -30 36 -8 -4 -18 1 -21 10 -3 9 -12 16 -19 16 -7 0 -18 6
-24 14 -11 13 -106 43 -122 38 -4 -1 -13 11 -21 26 -15 30 -21 33 -95 37 -31
2 -59 9 -68 19 -9 9 -19 16 -23 17 -4 0 -18 3 -32 5 -63 12 -99 12 -108 1z"/>
<path d="M3564 4066 c-10 -7 -36 -16 -56 -20 -34 -6 -88 -43 -88 -60 0 -4 -11
-24 -25 -44 -14 -20 -25 -45 -25 -54 0 -10 -5 -18 -11 -18 -13 0 -39 -62 -39
-94 0 -13 -4 -26 -10 -28 -6 -2 -6 -24 1 -65 9 -48 16 -64 31 -69 16 -5 18 -8
7 -15 -10 -6 -6 -11 19 -20 35 -12 38 -19 20 -37 -9 -9 -9 -12 0 -12 6 0 9 -7
5 -17 -4 -11 -3 -14 6 -9 15 9 53 -32 44 -47 -4 -6 0 -8 10 -4 11 4 17 1 17
-8 0 -9 6 -12 16 -8 13 5 15 2 9 -17 -5 -15 -4 -20 4 -16 6 4 11 2 11 -4 0 -6
5 -8 10 -5 6 3 10 2 10 -3 0 -5 11 -8 25 -7 14 2 25 -1 25 -7 0 -6 6 -5 15 2
12 10 15 9 15 -6 0 -17 1 -17 15 2 14 19 14 19 15 -1 0 -14 3 -16 8 -7 5 7 16
10 24 7 9 -4 19 -2 22 4 4 6 13 8 21 4 8 -3 15 0 15 7 0 6 5 8 10 5 6 -3 10
-1 10 5 0 7 7 9 16 6 12 -5 15 -2 10 10 -5 12 -2 15 10 10 17 -7 78 47 67 58
-4 3 1 6 10 6 9 0 17 5 17 11 0 6 9 22 19 36 11 13 17 31 14 39 -3 8 -1 14 5
14 5 0 13 12 16 26 6 24 10 25 46 19 48 -8 61 10 40 59 -7 17 -12 50 -11 74 1
23 -3 42 -9 42 -5 0 -10 10 -10 21 0 12 -8 29 -19 38 -10 9 -24 33 -32 54 -7
20 -20 37 -28 37 -8 0 -12 3 -8 6 3 4 0 13 -8 20 -7 8 -15 19 -17 25 -2 6 -16
12 -30 12 -17 0 -25 4 -22 12 4 8 -3 13 -18 12 -35 -1 -101 12 -108 22 -3 4
-14 7 -25 5 -48 -7 -71 -8 -81 -2 -6 4 -19 1 -30 -6z m306 -176 c0 -5 -5 -10
-11 -10 -5 0 -7 5 -4 10 3 6 8 10 11 10 2 0 4 -4 4 -10z m25 -30 c-3 -5 -11
-10 -16 -10 -6 0 -7 5 -4 10 3 6 11 10 16 10 6 0 7 -4 4 -10z m50 -100 c3 -5
2 -10 -4 -10 -5 0 -13 5 -16 10 -3 6 -2 10 4 10 5 0 13 -4 16 -10z m10 -60
c-3 -5 -11 -10 -16 -10 -6 0 -7 5 -4 10 3 6 11 10 16 10 6 0 7 -4 4 -10z"/>
<path d="M2295 4050 c-4 -6 -14 -9 -22 -6 -8 3 -20 3 -26 -1 -7 -4 -26 -6 -43
-4 -30 2 -87 -24 -128 -58 -29 -25 -95 -129 -99 -155 -1 -13 -8 -30 -13 -37
-16 -20 -24 -60 -29 -139 -3 -61 -1 -71 15 -80 13 -7 22 -6 32 3 7 8 25 17 40
20 22 6 26 4 22 -8 -4 -8 -1 -15 6 -15 7 0 10 -6 7 -14 -3 -8 -1 -17 6 -20 9
-5 9 -7 0 -12 -18 -8 -16 -24 1 -24 8 0 18 -9 21 -20 3 -11 11 -20 16 -20 6 0
7 -4 4 -10 -3 -6 4 -10 16 -10 12 0 20 -3 16 -6 -7 -8 12 -28 36 -37 9 -3 17
-11 17 -18 0 -6 7 -9 15 -5 8 3 15 1 15 -5 0 -6 9 -8 20 -4 15 5 18 3 14 -10
-4 -9 -3 -15 2 -14 5 1 11 0 14 -1 15 -7 87 -5 98 3 7 5 12 6 12 0 0 -5 9 -9
20 -10 11 -1 20 2 20 7 0 5 7 7 15 4 8 -4 15 -1 15 6 0 7 7 10 16 6 8 -3 13
-2 11 2 -7 10 19 32 29 24 4 -4 4 1 0 12 -4 13 -2 17 8 13 11 -4 13 -1 9 10
-4 11 -2 14 8 11 14 -5 49 27 49 44 0 4 7 8 16 8 14 0 14 3 4 15 -10 12 -9 15
4 15 10 0 15 4 11 9 -3 5 3 16 13 23 11 7 23 24 27 38 4 14 16 31 26 38 25 18
25 72 -1 122 -11 22 -24 40 -29 40 -5 0 -12 16 -15 35 -4 19 -18 46 -31 60
-14 13 -25 29 -25 35 0 5 -4 10 -9 10 -5 0 -12 11 -15 25 -4 14 -12 25 -19 25
-7 0 -24 11 -39 24 -14 14 -29 22 -32 18 -4 -3 -11 0 -16 8 -6 10 -14 11 -32
3 -18 -8 -28 -6 -48 8 -34 24 -67 32 -75 19z m-95 -125 c11 -13 10 -14 -4 -9
-9 3 -16 10 -16 15 0 13 6 11 20 -6z m-65 -63 c-7 -8 -35 7 -35 18 0 6 7 6 20
-2 10 -7 17 -14 15 -16z m-25 -18 c0 -8 -19 -13 -24 -6 -3 5 1 9 9 9 8 0 15
-2 15 -3z m-40 -74 c0 -5 -4 -10 -10 -10 -5 0 -10 5 -10 10 0 6 5 10 10 10 6
0 10 -4 10 -10z m-16 -19 c3 -5 -1 -11 -9 -15 -9 -3 -15 0 -15 9 0 16 16 20
24 6z m-20 -73 c-2 -41 -16 -60 -29 -39 -3 6 -1 11 6 11 7 0 9 8 6 21 -6 22 1
49 12 49 4 0 6 -19 5 -42z m346 -28 c0 -5 -5 -10 -11 -10 -5 0 -7 5 -4 10 3 6
8 10 11 10 2 0 4 -4 4 -10z"/>
<path d="M4725 3753 c-14 -13 -16 -28 -11 -80 5 -50 3 -63 -8 -63 -25 0 -3
-54 23 -58 52 -8 121 46 121 93 0 31 -27 81 -57 105 -31 24 -46 25 -68 3z"/>
<path d="M1186 3543 c-11 -14 -21 -47 -24 -73 -3 -38 0 -51 19 -73 13 -14 37
-29 53 -33 25 -6 28 -5 23 11 -4 9 -13 57 -19 106 -7 49 -17 89 -23 89 -5 0
-19 -12 -29 -27z"/>
<path d="M4767 3504 c-3 -3 -3 -13 1 -22 5 -15 4 -15 -11 -3 -13 10 -20 11
-30 2 -8 -6 -16 -9 -19 -6 -7 7 -28 -99 -28 -139 0 -24 14 -46 60 -96 33 -36
60 -68 60 -72 0 -5 6 -8 14 -8 8 0 21 -6 29 -14 23 -23 40 -2 40 49 0 26 -4
50 -10 53 -6 4 -13 23 -16 42 -9 62 -50 205 -61 212 -13 9 -21 10 -29 2z"/>
<path d="M1168 3304 c-25 -13 -27 -19 -26 -67 1 -50 -18 -196 -29 -227 -4 -8
-5 -22 -4 -32 1 -9 -2 -19 -8 -22 -10 -6 -3 -46 8 -46 21 0 81 23 81 30 0 6 9
10 20 10 11 0 20 4 20 9 0 5 24 34 53 63 40 42 52 60 50 82 -3 44 -24 96 -38
96 -13 0 -26 22 -30 50 -1 17 -24 59 -25 47 0 -4 -10 -1 -22 7 -20 13 -26 13
-50 0z"/>
<path d="M4587 3153 c-4 -3 -10 -28 -13 -55 -4 -30 -18 -64 -35 -88 -35 -48
-36 -61 -6 -86 114 -100 230 -125 210 -46 -12 49 -146 285 -156 275z"/>
<path d="M3465 3029 c-17 -32 -97 -75 -118 -62 -6 4 -47 8 -91 10 -45 1 -98 5
-118 8 -20 3 -39 1 -42 -3 -3 -5 -87 -8 -188 -6 -124 2 -187 -1 -196 -8 -10
-9 -16 -8 -22 1 -6 10 -21 11 -61 5 -93 -14 -147 -5 -183 32 -17 16 -56 11
-56 -8 0 -21 43 -69 74 -82 33 -14 65 -16 186 -14 91 2 322 1 405 0 87 -2 200
4 212 11 4 3 33 0 62 -7 94 -21 202 22 217 87 5 24 2 34 -17 48 -34 26 -46 24
-64 -12z"/>
<path d="M1396 2949 c-16 -29 -52 -88 -82 -131 -57 -84 -64 -105 -38 -115 31
-12 223 65 253 101 11 13 9 23 -9 61 -12 25 -25 45 -30 45 -4 0 -10 14 -13 30
-4 17 -13 30 -21 30 -8 0 -19 7 -24 16 -7 13 -14 5 -36 -37z"/>
<path d="M4310 2720 c0 -5 5 -10 10 -10 6 0 10 5 10 10 0 6 -4 10 -10 10 -5 0
-10 -4 -10 -10z"/>
<path d="M4271 2681 c-11 -11 -35 -22 -52 -23 -17 -1 -33 -6 -36 -11 -2 -4
-13 -5 -24 -2 -17 6 -131 -24 -169 -44 -8 -4 -24 -6 -35 -4 -11 3 -29 4 -40 3
-19 -2 -43 -2 -82 1 -23 1 -63 -6 -87 -16 -11 -5 -21 -3 -26 5 -7 11 -11 11
-24 1 -8 -7 -43 -13 -83 -13 -37 0 -72 -3 -78 -6 -12 -8 -29 -11 -74 -14 -23
-2 -39 -11 -50 -28 -39 -61 -85 -115 -119 -140 -36 -27 -100 -87 -133 -126 -9
-10 -47 -44 -85 -74 -37 -30 -77 -65 -89 -77 -12 -13 -33 -23 -45 -23 -26 0
-90 45 -90 62 0 7 -10 22 -22 35 l-21 23 21 7 c12 5 73 58 136 118 62 61 126
119 141 130 18 14 28 30 28 48 0 15 4 30 8 33 11 7 2 24 -12 24 -16 0 -129
-111 -129 -126 0 -7 -9 -18 -20 -24 -17 -9 -26 -6 -55 21 -18 18 -36 43 -39
56 -5 17 -13 23 -34 23 -55 0 -55 -14 2 -71 29 -31 57 -66 61 -79 9 -28 -14
-60 -72 -103 -32 -23 -47 -28 -61 -21 -23 11 -115 115 -166 188 -28 40 -49 59
-70 64 -19 5 -36 19 -44 35 -10 21 -20 27 -46 27 -17 0 -37 -5 -44 -12 -9 -9
-12 -9 -12 1 0 7 -6 11 -12 8 -7 -2 -23 0 -35 4 -13 5 -25 4 -28 -2 -4 -5 -12
-6 -18 -2 -15 10 -57 11 -57 2 0 -3 -25 -6 -55 -5 -37 0 -55 5 -55 13 0 17
-17 17 -23 1 -3 -10 -9 -10 -25 -1 -11 6 -23 9 -27 5 -9 -9 -95 -11 -95 -2 0
6 -34 18 -75 25 -5 1 -27 9 -47 19 -21 9 -41 16 -46 16 -5 0 -30 11 -56 25
-26 14 -49 25 -51 25 -6 0 -44 -87 -72 -165 -20 -55 -24 -80 -18 -120 7 -56
47 -125 72 -125 14 0 14 -2 1 -17 -8 -10 -23 -36 -33 -58 -15 -32 -20 -36 -23
-20 -2 11 -10 24 -18 28 -8 4 -14 15 -14 22 0 8 -5 15 -10 15 -13 0 -50 -83
-50 -111 0 -21 16 -26 23 -6 2 6 8 9 12 4 5 -4 0 -13 -10 -21 -10 -7 -15 -18
-11 -24 8 -13 30 -17 23 -4 -2 4 5 15 15 25 18 17 18 16 12 -25 -4 -24 -10
-45 -15 -48 -4 -3 -11 -19 -15 -35 -4 -17 -15 -37 -25 -46 -25 -22 -36 -56
-38 -115 0 -35 4 -56 14 -64 9 -7 23 -29 32 -49 10 -20 25 -43 34 -51 9 -8 20
-28 23 -45 4 -20 3 -25 -3 -16 -5 8 -14 10 -22 5 -18 -11 -49 -13 -55 -3 -2 5
-11 6 -18 3 -8 -3 -17 -1 -21 5 -12 21 -23 11 -34 -33 -16 -63 -13 -75 9 -47
15 17 20 19 20 8 0 -9 -4 -18 -9 -21 -4 -3 -6 -17 -3 -31 2 -14 1 -25 -4 -24
-24 4 -34 -3 -34 -24 0 -25 35 -61 50 -52 6 4 10 0 10 -7 0 -14 125 -70 134
-60 3 3 6 13 6 22 0 9 18 34 40 55 30 29 40 35 40 21 0 -9 5 -14 10 -11 10 6
11 -1 14 -95 1 -51 34 -104 59 -94 9 3 23 -6 36 -22 11 -15 27 -24 35 -21 7 3
23 -1 35 -9 11 -8 21 -12 21 -8 0 5 5 3 12 -4 7 -7 23 -12 36 -12 13 0 31 -4
40 -9 9 -5 40 -12 67 -15 28 -4 70 -14 95 -22 25 -9 66 -18 93 -21 41 -5 47
-3 49 13 2 29 5 45 13 92 7 39 9 41 25 27 9 -8 21 -15 26 -15 5 0 2 4 -6 10
-12 8 -12 10 3 16 9 3 24 1 32 -6 8 -6 23 -9 34 -5 16 5 19 3 15 -8 -3 -8 1
-21 9 -29 8 -7 17 -35 21 -61 5 -34 13 -50 29 -59 29 -15 299 -20 352 -6 22 5
88 12 147 14 77 2 115 8 132 19 24 16 45 59 47 99 1 17 2 18 6 4 3 -14 9 -16
22 -8 10 5 21 6 25 3 4 -4 13 3 22 15 8 12 20 20 25 16 6 -4 6 -11 -2 -20 -9
-12 -6 -14 22 -15 19 -1 26 -3 17 -6 -20 -5 -20 -43 0 -43 38 0 91 -24 97 -44
6 -21 6 -21 15 -1 5 11 9 14 9 6 1 -10 4 -11 15 -2 10 9 16 9 21 1 5 -8 10 -8
20 0 10 8 14 7 18 -2 4 -10 6 -10 6 0 1 17 18 15 25 -4 8 -22 -4 -40 -15 -23
-7 11 -9 10 -9 -3 0 -17 -4 -19 -77 -22 -10 -1 -21 -5 -25 -11 -4 -6 -17 -6
-35 1 -21 7 -36 5 -63 -8 -19 -10 -41 -16 -49 -13 -8 3 -28 1 -45 -5 -17 -5
-65 -11 -106 -14 -41 -2 -75 -5 -75 -6 0 -4 -86 -14 -132 -15 -28 0 -50 -2
-48 -5 2 -3 -36 -6 -83 -7 -48 0 -126 -2 -174 -3 -48 -1 -93 2 -99 6 -7 4 -37
9 -68 11 -76 5 -126 10 -126 13 0 2 -11 4 -25 5 -14 1 -38 7 -53 14 -16 6 -35
11 -44 11 -19 0 -126 32 -133 40 -3 3 -21 5 -40 5 -19 -1 -42 2 -50 6 -42 20
-90 39 -135 54 -27 9 -77 30 -111 46 -33 16 -65 29 -70 29 -15 0 -116 51 -136
68 -10 8 -24 12 -33 8 -9 -3 -18 1 -21 9 -4 8 -10 15 -15 15 -14 0 -10 -27 6
-44 8 -8 15 -21 15 -29 0 -16 32 -95 56 -139 7 -14 14 -34 14 -43 0 -9 4 -14
9 -11 5 4 7 -3 4 -15 -8 -29 42 -69 156 -124 94 -45 95 -45 115 -26 23 21 38
19 171 -13 178 -42 325 -70 425 -80 41 -4 52 -15 45 -46 -6 -28 -5 -29 47 -35
66 -8 271 -11 358 -6 36 2 81 0 100 -4 19 -4 79 -8 132 -9 l98 -1 0 46 0 47
78 20 c42 12 102 21 132 21 30 0 70 7 88 16 17 9 41 14 51 10 11 -3 39 -1 63
6 24 7 61 15 83 20 22 4 59 14 82 23 52 19 72 13 80 -25 3 -16 10 -32 14 -35
5 -3 9 -14 9 -24 0 -16 4 -17 28 -11 29 9 188 88 211 105 36 29 141 140 141
150 0 16 37 46 56 46 32 0 62 46 105 155 12 33 29 66 36 74 8 7 11 21 8 31 -7
21 4 52 16 45 14 -9 31 35 38 97 5 36 4 59 -3 61 -7 2 -6 18 2 46 15 49 13
161 -3 155 -6 -3 -11 18 -13 48 -6 122 -15 183 -22 164 -6 -18 -8 -16 -18 11
-9 27 -8 31 4 26 17 -6 19 11 1 25 -7 6 -14 23 -15 38 -1 15 -9 39 -19 53 -10
15 -15 43 -14 71 0 25 -8 72 -19 105 -16 45 -17 61 -8 72 9 11 9 16 0 22 -7 4
-15 43 -19 86 -4 55 -15 99 -35 142 -15 35 -27 68 -26 75 5 21 -30 20 -51 -1z
m-460 -143 c16 -18 29 -28 29 -23 0 6 5 3 10 -5 8 -12 10 -9 10 13 0 16 4 26
10 22 6 -3 10 0 11 7 0 9 2 9 6 -2 4 -8 16 -23 27 -33 15 -13 17 -20 9 -23 -7
-3 -13 -16 -13 -30 0 -34 -23 -114 -32 -114 -4 0 -8 -7 -8 -15 0 -8 -4 -15
-10 -15 -5 0 -10 -7 -10 -15 0 -8 -4 -15 -10 -15 -5 0 -10 -6 -10 -12 0 -7
-11 -35 -24 -62 -13 -27 -21 -56 -18 -65 4 -10 1 -13 -10 -9 -13 5 -12 2 1
-28 9 -18 22 -33 29 -34 7 0 11 3 8 8 -2 4 6 25 19 46 23 38 42 35 30 -4 -5
-17 -2 -20 27 -20 18 0 53 5 77 11 36 8 47 7 62 -7 10 -9 16 -21 13 -25 -3 -5
2 -12 10 -15 9 -3 16 -15 16 -26 0 -11 6 -32 14 -46 34 -67 51 -132 34 -132
-5 0 -7 -4 -4 -9 4 -5 7 -28 8 -50 1 -24 6 -41 13 -41 6 0 16 -20 22 -44 8
-38 8 -43 -5 -38 -10 3 -13 1 -8 -6 4 -7 16 -12 27 -12 10 0 19 -4 19 -10 0
-5 -5 -10 -11 -10 -6 0 -4 -7 5 -15 11 -11 13 -25 9 -47 -4 -19 -2 -29 4 -25
5 3 17 -3 26 -13 10 -13 13 -22 6 -26 -7 -4 -7 -10 -1 -16 7 -7 -11 -33 -56
-79 -36 -38 -67 -68 -68 -66 -1 1 2 25 8 52 12 62 11 138 -2 175 -2 3 -2 8 -1
13 0 4 -3 7 -7 7 -4 0 -8 9 -9 20 -1 11 -9 27 -17 36 -17 16 -22 39 -7 30 5
-3 12 1 15 10 3 8 10 12 16 9 5 -3 10 2 10 11 0 16 -1 16 -18 0 -18 -15 -20
-15 -37 4 -18 19 -17 20 3 20 12 0 22 5 22 11 0 7 -10 9 -25 7 -21 -4 -25 -1
-25 18 0 13 -4 24 -9 24 -5 0 -12 19 -16 41 -10 58 -52 137 -99 187 -38 40
-77 54 -91 33 -3 -6 -17 -6 -35 -1 -16 5 -30 5 -32 2 -7 -15 -81 -42 -114 -42
-19 0 -45 -6 -57 -14 -12 -7 -39 -13 -60 -12 -39 1 -48 -12 -22 -34 8 -7 15
-23 15 -35 0 -12 6 -40 13 -61 8 -22 22 -82 31 -134 9 -52 21 -111 27 -131 5
-21 12 -70 15 -110 3 -39 8 -79 12 -88 4 -9 7 -43 7 -76 0 -67 11 -62 -100
-51 -27 2 -89 6 -137 7 -65 1 -88 5 -92 16 -3 8 -10 12 -14 9 -5 -3 -33 2 -63
10 -109 29 -204 58 -209 64 -3 3 -22 14 -43 25 -22 11 -48 34 -60 50 -11 17
-22 31 -23 33 -5 7 -64 -29 -77 -48 -8 -12 -39 -26 -78 -36 -35 -9 -70 -21
-77 -27 -14 -11 -217 -11 -235 0 -11 7 -38 10 -124 16 -47 4 -89 22 -120 53
-7 7 -22 10 -34 7 -20 -6 -21 -4 -15 33 4 21 12 43 17 49 5 5 9 25 9 45 0 19
11 57 25 83 14 26 23 52 20 56 -3 5 6 33 20 63 14 29 25 64 25 78 0 14 7 36
15 50 47 83 52 117 14 105 -14 -5 -19 -2 -19 13 0 11 -6 23 -12 25 -8 4 -7 6
4 6 9 1 18 -4 20 -11 3 -8 11 -7 28 5 14 9 35 17 47 17 13 0 23 4 23 9 0 13
58 32 62 20 3 -10 94 -20 193 -23 33 0 65 -4 71 -8 7 -4 42 -12 80 -17 47 -7
73 -16 84 -29 8 -11 25 -19 38 -17 12 1 22 -3 22 -8 0 -6 5 -6 13 0 11 8 27
10 42 4 12 -5 92 -3 115 3 14 3 81 9 150 12 261 11 241 8 267 38 12 15 23 38
23 51 0 13 6 28 13 32 19 11 47 71 47 99 0 26 20 74 30 74 4 0 6 10 6 23 -1
12 4 21 12 20 6 -2 12 2 12 7 0 17 28 11 33 -7 4 -16 5 -16 12 1 6 13 5 21 -3
24 -6 2 -8 10 -5 19 4 10 2 14 -5 9 -6 -3 -13 -2 -17 4 -3 5 -1 10 4 10 6 0
11 8 11 18 1 25 23 50 51 57 15 4 29 18 36 36 14 37 27 37 64 -3z m-2093 -223
c-15 -14 -30 -25 -34 -25 -4 0 3 11 16 25 13 14 28 25 34 25 6 0 -1 -11 -16
-25z m92 -61 c0 -7 9 -18 20 -24 47 -25 8 -45 -56 -29 -47 12 -54 22 -26 38
15 9 15 12 2 22 -13 9 -12 10 3 5 9 -3 17 -1 17 3 0 5 9 7 20 4 11 -3 20 -11
20 -19z m2180 -34 c13 -9 13 -11 0 -20 -22 -15 -30 -12 -30 10 0 22 8 25 30
10z m-2060 -20 c0 -5 -2 -10 -4 -10 -3 0 -8 5 -11 10 -3 6 -1 10 4 10 6 0 11
-4 11 -10z m-357 -30 c-3 -11 -7 -20 -9 -20 -2 0 -4 9 -4 20 0 11 4 20 9 20 5
0 7 -9 4 -20z m484 -35 c-2 -20 -8 -34 -13 -33 -5 2 -8 7 -6 12 2 5 -4 3 -13
-4 -13 -11 -18 -10 -29 6 -19 25 -11 36 20 28 19 -5 23 -3 18 10 -4 11 -1 16
10 16 13 0 16 -8 13 -35z m150 -50 c4 -15 -10 -32 -34 -39 -18 -6 -23 -3 -23
11 0 35 47 58 57 28z m2149 -336 c3 -6 -1 -18 -10 -27 -15 -15 -16 -14 -16 11
0 27 13 36 26 16z m174 -39 c0 -5 -4 -10 -10 -10 -5 0 -10 5 -10 10 0 6 5 10
10 10 6 0 10 -4 10 -10z m-198 -37 c-3 -16 -7 -22 -10 -15 -4 13 4 42 11 42 2
0 2 -12 -1 -27z m175 -75 c-3 -8 -6 -5 -6 6 -1 11 2 17 5 13 3 -3 4 -12 1 -19z
m3 -103 c0 -19 -2 -35 -4 -35 -2 0 -6 16 -8 35 -2 19 0 35 4 35 4 0 8 -16 8
-35z m-2831 -14 c10 -7 11 -13 2 -30 -7 -11 -16 -21 -22 -21 -13 0 -22 27 -15
45 6 17 15 19 35 6z m2341 -232 c0 -6 -7 -8 -16 -5 -8 3 -13 2 -10 -2 11 -18
15 -92 4 -86 -5 4 -14 0 -19 -7 -8 -12 -11 -12 -18 1 -9 12 -11 12 -17 -3 -4
-10 -12 -16 -20 -13 -7 3 -18 -2 -24 -10 -18 -21 -32 -17 -18 6 18 28 1 37
-23 11 -22 -23 -44 -24 -44 0 0 8 18 23 40 34 22 11 42 23 43 28 2 4 9 7 15 7
7 0 26 11 42 25 31 25 65 33 65 14z m-375 -149 c3 -5 1 -10 -4 -10 -6 0 -11 5
-11 10 0 6 2 10 4 10 3 0 8 -4 11 -10z m44 -9 c8 -5 9 -11 3 -15 -5 -3 -15 1
-22 9 -14 16 -3 20 19 6z m-89 -16 c0 -8 -2 -15 -4 -15 -2 0 -6 7 -10 15 -3 8
-1 15 4 15 6 0 10 -7 10 -15z m640 -45 c0 -5 -5 -10 -11 -10 -5 0 -7 5 -4 10
3 6 8 10 11 10 2 0 4 -4 4 -10z m-180 -134 c0 -3 -4 -8 -10 -11 -5 -3 -10 -1
-10 4 0 6 5 11 10 11 6 0 10 -2 10 -4z"/>
<path d="M3734 2495 c-8 -20 4 -35 27 -35 22 0 24 8 5 33 -16 21 -25 22 -32 2z"/>
<path d="M3811 2444 c0 -11 3 -14 6 -6 3 7 2 16 -1 19 -3 4 -6 -2 -5 -13z"/>
<path d="M3760 2241 c0 -5 5 -13 10 -16 6 -3 10 -2 10 4 0 5 -4 13 -10 16 -5
3 -10 2 -10 -4z"/>
<path d="M3195 2550 c-3 -5 1 -10 10 -10 9 0 13 5 10 10 -3 6 -8 10 -10 10 -2
0 -7 -4 -10 -10z"/>
<path d="M1482 1930 c0 -14 2 -19 5 -12 2 6 2 18 0 25 -3 6 -5 1 -5 -13z"/>
<path d="M1447 1838 c-7 -25 -3 -33 12 -23 13 8 15 45 2 45 -5 0 -11 -10 -14
-22z"/>
<path d="M1410 1666 c0 -8 -3 -22 -6 -30 -5 -12 -2 -15 10 -10 17 7 23 54 6
54 -5 0 -10 -6 -10 -14z"/>
<path d="M1431 1616 c-6 -16 -10 -34 -7 -40 2 -6 5 -3 5 6 1 9 6 18 12 20 6 2
9 13 7 23 -4 17 -6 16 -17 -9z"/>
<path d="M1405 1550 c-3 -5 -1 -10 4 -10 6 0 11 5 11 10 0 6 -2 10 -4 10 -3 0
-8 -4 -11 -10z"/>
</g>
</svg>
